%YAML:1.0
---
features:
   - { file_name:3, id:[ 227, 83, 32, 81, 40 ] }
