%YAML:1.0
---
cameraMatrix: !!opencv-matrix
   rows: 3
   cols: 3
   dt: d
   data: [ 1.0148871851591761e+03, 0., 9.3037923280372581e+02, 0.,
       1.0196356956271103e+03, 4.8794195473837169e+02, 0., 0., 1. ]
distCoeff: !!opencv-matrix
   rows: 1
   cols: 5
   dt: d
   data: [ -3.1066151822322162e-02, 3.4324349626048335e-02,
       -6.2279666374504286e-02, 3.4648884538340426e-02, 0. ]