%YAML:1.0
---
features:
   - { file_name:1, id:[ 18, 185, 40, 72 ] }
   - { file_name:2, id:[ 78, 175, 184, 15 ] }
   - { file_name:3, id:[ 25, 249, 53, 15 ] }
   - { file_name:4, id:[ 210, 184, 15, 186 ] }
   - { file_name:5, id:[ 4, 237, 82, 35 ] }
   - { file_name:6, id:[ 4, 82, 88, 35 ] }
   - { file_name:7, id:[ 56, 172, 111, 37 ] }
   - { file_name:8, id:[ 229, 73, 172, 111 ] }
