%YAML:1.0
---
features:
   - { file_name:1, id:[ 132, 97, 153, 133, 198, 212, 233, 71 ] }