%YAML:1.0
---
cameraMatrix: !!opencv-matrix
   rows: 3
   cols: 3
   dt: d
   data: [ 2.2115682757919826e+03, 0., 9.5085713142087377e+02, 0.,
       2.2115682757919826e+03, 6.0781243579940599e+02, 0., 0., 1. ]
distCoeff: !!opencv-matrix
   rows: 1
   cols: 5
   dt: d
   data: [ -2.0937892692144247e-01, 5.2630034682173188e-01,
       7.0940401122001142e-04, -1.0033227896484038e-03, 0. ]
rvec: !!opencv-matrix
   rows: 3
   cols: 1
   dt: d
   data: [ -4.3651844499805598e-01, -1.9631999168985448e+00,
       -1.9954885964823141e+00 ]
tvec: !!opencv-matrix
   rows: 3
   cols: 1
   dt: d
   data: [ -2.4971497725628606e+00, -1.7800895934297416e+00,
       1.3792393341406505e+01 ]
rotationMatrix: !!opencv-matrix
   rows: 3
   cols: 3
   dt: d
   data: [ -9.0644581480871433e-01, 4.2231927371273426e-01,
       1.5543057982518871e-03, -5.3346595085924375e-03,
       -1.5129988016818974e-02, 9.9987130415395853e-01,
       4.2228843960460632e-01, 9.0632086730548089e-01,
       1.5967443845124718e-02 ]
MSE: 7.4320888005427150e+01
ObjectPoints: [ 3.28999996e+00, 3.69000006e+00, 1.50000000e+00,
    5.88999987e+00, 6.48999977e+00, 1.50000000e+00, 7.69000006e+00,
    1.25000000e+01, 1.50000000e+00, 9.27000046e+00, 1.67999992e+01,
    1.50000000e+00 ]
PixelPoints: [ 467., 689., 412., 646., 610., 612., 680., 605. ]
