%YAML:1.0
---
cameraMatrix: !!opencv-matrix
   rows: 3
   cols: 3
   dt: d
   data: [ 1.0148871851591761e+03, 0., 9.3037923280372581e+02, 0.,
       1.0196356956271103e+03, 4.8794195473837169e+02, 0., 0., 1. ]
distCoeff: !!opencv-matrix
   rows: 1
   cols: 5
   dt: d
   data: [ -3.1066151822322162e-02, 3.4324349626048335e-02,
       -6.2279666374504286e-02, 3.4648884538340426e-02, 0. ]
rvec: !!opencv-matrix
   rows: 3
   cols: 1
   dt: d
   data: [ 1.4836460324023821e+00, -3.7036077218133831e-02,
       5.9895973152910266e-02 ]
tvec: !!opencv-matrix
   rows: 3
   cols: 1
   dt: d
   data: [ -9.7594351432367624e-02, 1.6374086484437917e+00,
       1.5281568834104853e+00 ]
transformationMatrix: !!opencv-matrix
   rows: 4
   cols: 4
   dt: d
   data: [ 9.9794403267581777e-01, -6.2958490468174033e-02,
       1.1997338233756011e-02, -9.7594351432367624e-02,
       1.7397833056780613e-02, 8.5944549845652418e-02,
       -9.9614800594929487e-01, 1.6374086484437917e+00,
       6.1684868903603057e-02, 9.9430868588673049e-01,
       8.6863191966150416e-02, 1.5281568834104853e+00, 0., 0., 0., 1. ]
eulerAngle: !!opencv-matrix
   rows: 3
   cols: 1
   dt: d
   data: [ 1.7431910223723378e-02, -6.1724054761831140e-02,
       1.4836571673650021e+00 ]
MSE: 1.2148961907841992e+01
