%YAML:1.0
---
cameraMatrix: !!opencv-matrix
   rows: 3
   cols: 3
   dt: d
   data: [ 1.0148871851591761e+03, 0., 9.3037923280372581e+02, 0.,
       1.0196356956271103e+03, 4.8794195473837169e+02, 0., 0., 1. ]
distCoeff: !!opencv-matrix
   rows: 1
   cols: 5
   dt: d
   data: [ -3.1066151822322162e-02, 3.4324349626048335e-02,
       -6.2279666374504286e-02, 3.4648884538340426e-02, 0. ]
rvec: !!opencv-matrix
   rows: 3
   cols: 1
   dt: d
   data: [ 1.4836460324023821e+00, -3.7036077218133831e-02,
       5.9895973152910266e-02 ]
tvec: !!opencv-matrix
   rows: 3
   cols: 1
   dt: d
   data: [ -9.7594351432367624e-02, 1.6374086484437917e+00,
       1.5281568834104853e+00 ]
rotationMatrix: !!opencv-matrix
   rows: 3
   cols: 3
   dt: d
   data: [ 9.9794403267581777e-01, -6.2958490468174033e-02,
       1.1997338233756011e-02, 1.7397833056780613e-02,
       8.5944549845652418e-02, -9.9614800594929487e-01,
       6.1684868903603057e-02, 9.9430868588673049e-01,
       8.6863191966150416e-02 ]
MSE: 1.2148961907841992e+01
ObjectPoints: [ -2.01999998e+00, 2.25900002e+01, 6.49999976e-01,
    1.89999998e-01, 2.76900005e+01, 6.49999976e-01, 3.36999989e+00,
    2.82900009e+01, 6.49999976e-01, 2.38000011e+00, 1.88899994e+01,
    6.49999976e-01, -2.21000004e+00, 5.09000015e+00, 6.49999976e-01,
    -5.19999981e-01, 7.69000006e+00, 6.49999976e-01, 0., 1.88999996e+01,
    6.49999976e-01, 2.89000010e+00, 8.59000015e+00, 6.49999976e-01,
    -2.10999990e+00, 1.22900000e+01, 6.49999976e-01, 0., 2.11000004e+01,
    6.49999976e-01, 1.67999995e+00, 1.47900000e+01, 6.49999976e-01,
    2.69000006e+00, 9.59000015e+00, 6.49999976e-01, -3.42000008e+00,
    1.64899998e+01, 6.49999976e-01, 0., 2.47000008e+01, 6.49999976e-01,
    -1.09999999e-01, 8.89000034e+00, 6.49999976e-01, 1.76999998e+00,
    2.11900005e+01, 6.49999976e-01, -1.91999996e+00, 1.81800003e+01,
    6.49999976e-01, 1.05999994e+00, 2.53899994e+01, 6.49999976e-01,
    1.66999996e+00, 1.53900003e+01, 6.49999976e-01, 1.49000001e+00,
    5.69000006e+00, 6.49999976e-01, -1.71000004e+00, 1.42900000e+01,
    6.49999976e-01, 0., 1.03000002e+01, 6.49999976e-01, 1.48000002e+00,
    1.65900002e+01, 6.49999976e-01, 2.08999991e+00, 5., 6.49999976e-01,
    -2.01999998e+00, 8.18999958e+00, 6.49999976e-01, -1.40999997e+00,
    1.63799992e+01, 6.49999976e-01, 1.59000003e+00, 1.39899998e+01,
    6.49999976e-01, 2.38000011e+00, 9.10000038e+00, 6.49999976e-01,
    -7.09999979e-01, 1.14899998e+01, 6.49999976e-01, 0., 3.07000008e+01,
    6.49999976e-01, 1.38999999e+00, 1.85900002e+01, 6.49999976e-01,
    2.04999995e+00, 2.79899998e+01, 6.49999976e-01 ]
PixelPoints: [ 783., 607., 870., 606., 993., 607., 1008., 620., 567.,
    686., 817., 658., 856., 615., 1149., 660., 723., 627., 859., 610.,
    980., 627., 1104., 651., 684., 613., 854., 604., 878., 652., 969.,
    611., 760., 613., 915., 607., 984., 624., 1087., 688., 745., 620.,
    866., 644., 972., 622., 1169., 698., 651., 649., 762., 613., 952.,
    629., 1104., 657., 811., 632., 867., 602., 926., 616., 950., 604. ]
