%YAML:1.0
---
cameraMatrix: !!opencv-matrix
   rows: 3
   cols: 3
   dt: d
   data: [ 2.2115682757919826e+03, 0., 9.5085713142087377e+02, 0.,
       2.2115682757919826e+03, 6.0781243579940599e+02, 0., 0., 1. ]
distCoeff: !!opencv-matrix
   rows: 1
   cols: 5
   dt: d
   data: [ -2.0937892692144247e-01, 5.2630034682173188e-01,
       7.0940401122001142e-04, -1.0033227896484038e-03, 0. ]
rvec: !!opencv-matrix
   rows: 3
   cols: 1
   dt: d
   data: [ -3.3135855464084008e-01, -1.9387555841413273e+00,
       -1.9959854758925057e+00 ]
tvec: !!opencv-matrix
   rows: 3
   cols: 1
   dt: d
   data: [ -1.6712566409632046e+00, -6.3485168345961196e-01,
       1.0319810121802867e+01 ]
rotationMatrix: !!opencv-matrix
   rows: 3
   cols: 3
   dt: d
   data: [ -9.1580151453935299e-01, 3.9606099021916863e-01,
       -6.6657917714542381e-02, -7.8148513484785492e-02,
       -1.2927439586037148e-02, 9.9685790920565398e-01,
       3.9395481442361557e-01, 9.1813320021245337e-01,
       4.2790546386949124e-02 ]
MSE: 2.3358779338909859e+00
ObjectPoints: [ 3.28999996e+00, 3.69000006e+00, 1.50000000e+00,
    5.88999987e+00, 6.48999977e+00, 1.50000000e+00, 7.69000006e+00,
    1.25000000e+01, 1.50000000e+00, 9.27000046e+00, 1.67999992e+01,
    1.50000000e+00 ]
PixelPoints: [ 467., 689., 412., 646., 610., 612., 680., 605. ]
