%YAML:1.0
---
distortionFlag: 0
imageSize: [ 1920, 1200 ]
cameraMatrix: !!opencv-matrix
   rows: 3
   cols: 3
   dt: d
   data: [ 2.2115682757919826e+03, 0., 9.5085713142087377e+02, 0.,
       2.2115682757919826e+03, 6.0781243579940599e+02, 0., 0., 1. ]
distCoeff: !!opencv-matrix
   rows: 1
   cols: 5
   dt: d
   data: [ -2.0937892692144247e-01, 5.2630034682173188e-01,
       7.0940401122001142e-04, -1.0033227896484038e-03, 0. ]
